7
jessica.samba: 0.28693960777409044
o_que_e_o_amor.samba: 0.11269050070268297
a_flor_e_o_espinho.samba: 0.100270102313568
ja_e.samba: 0.07769895809747777
andanca.samba: 0.03102765447770325
luz_do_repente.samba: 0.0287132467277533
meu_lugar.samba: 0.024468654385803815
